import QtQuick
import QtQuick3D

import QtQuick.Timeline

Node {
    id: node

    // Resources
    MorphTarget {
        id: sad_morphtarget
        objectName: "Sad"
        attributes: MorphTarget.Position
    }
    Skin {
        id: skin
        joints: [
            bone,
            foot_L,
            body,
            hips,
            abdomen,
            torso,
            neck,
            head,
            shoulder_L,
            upperArm_L,
            lowerArm_L,
            palm2_L,
            middle1_L,
            middle2_L,
            thumb_L,
            thumb2_L,
            palm1_L,
            index_L,
            index2_L,
            palm3_L,
            ring1_L,
            ring2_L,
            shoulder_R,
            upperArm_R,
            lowerArm_R,
            palm2_R,
            middle1_R,
            middle2_R,
            thumb_R,
            thumb2_R,
            palm1_R,
            index_R,
            index2_R,
            palm3_R,
            ring1_R,
            ring2_R,
            upperLeg_L,
            lowerLeg_L,
            upperLeg_R,
            lowerLeg_R,
            poleTarget_L,
            foot_R,
            poleTarget_R
        ]
        inverseBindPoses: [
            Qt.matrix4x4(1, 4.76837e-07, -2.91979e-23, 4.79743e-06, 0, 6.12323e-17, 1, 0.0237618, 4.76837e-07, -1, 6.12323e-17, 0.00174054, 0, 0, 0, 1),
            Qt.matrix4x4(-1, -3.00337e-07, 2.0612e-07, 0.00636243, 2.93497e-07, -0.999474, -0.0324217, 0.000409294, 2.15749e-07, -0.0324217, 0.999474, 0.0234816, 0, 0, 0, 1),
            Qt.matrix4x4(1, 7.15256e-07, -4.37968e-23, -4.76612e-05, 0, 6.12323e-17, 1, 0.00929727, 7.15256e-07, -1, 6.12323e-17, -0.00133666, 0, 0, 0, 1),
            Qt.matrix4x4(1, 1.74749e-07, -4.2777e-08, -2.71568e-05, 2.87124e-10, 0.236221, 0.971699, 0.0100222, 1.79908e-07, -0.971699, 0.236221, 0.00222034, 0, 0, 0, 1),
            Qt.matrix4x4(1, 1.05594e-06, -8.05943e-09, -2.7157e-05, -4.16064e-14, 0.00763225, 0.999971, 0.00706362, 1.05598e-06, -0.999971, 0.00763225, 0.000620663, 0, 0, 0, 1),
            Qt.matrix4x4(1, -6.05078e-07, -6.62059e-08, -2.71562e-05, 6.36727e-14, -0.108768, 0.994067, 0.00227493, -6.08689e-07, -0.994067, -0.108768, 0.000358406, 0, 0, 0, 1),
            Qt.matrix4x4(1, 7.47145e-07, 1.72069e-08, -2.71564e-05, -9.07274e-15, -0.023024, 0.999735, -0.00358356, 7.47344e-07, -0.999735, -0.023024, 5.09389e-05, 0, 0, 0, 1),
            Qt.matrix4x4(0.999996, -0.000109055, 0.00280538, -4.5912e-05, -0.00280694, -0.0187636, 0.99982, -0.00668227, -5.63961e-05, -0.999824, -0.0187638, 2.24662e-05, 0, 0, 0, 1),
            Qt.matrix4x4(-0.0262236, 2.15418e-06, -0.999656, 0.000845156, 0.999656, 2.96417e-07, -0.0262236, -0.00583438, 2.39825e-07, -1, -2.16122e-06, -4.15096e-05, 0, 0, 0, 1),
            Qt.matrix4x4(-0.0564262, -0.996087, 0.0680234, 0.00029084, 0.998334, -0.0571157, -0.00823251, -0.00668031, 0.0120855, 0.0674455, 0.99765, -0.000746362, 0, 0, 0, 1),
            Qt.matrix4x4(0.0388434, -0.999245, 0.000847395, -0.000932063, 0.99917, 0.0388508, 0.0122363, -0.0132369, -0.01226, 0.000371392, 0.999925, -0.00045299, 0, 0, 0, 1),
            Qt.matrix4x4(-0.584385, -0.811323, -0.0157913, 0.0158412, 0.811424, -0.584458, 6.2654e-08, -0.0217824, -0.00922943, -0.0128134, 0.999875, -0.000533039, 0, 0, 0, 1),
            Qt.matrix4x4(-0.621161, -0.783665, -0.00524386, 0.0169909, 0.783676, -0.62117, 4.49955e-08, -0.0247391, -0.00325736, -0.00410946, 0.999986, -0.000694042, 0, 0, 0, 1),
            Qt.matrix4x4(-0.861743, -0.502939, 0.0667229, 0.0254014, 0.504062, -0.863667, 1.74729e-08, -0.0186299, 0.0576264, 0.0336325, 0.997772, -0.00248352, 0, 0, 0, 1),
            Qt.matrix4x4(0.992547, 0.0807383, 0.0912761, -0.0258193, -0.0473778, -0.434424, 0.899462, -0.0015099, 0.112273, -0.897083, -0.427361, -0.00244955, 0, 0, 0, 1),
            Qt.matrix4x4(-0.537924, -0.816077, -0.211321, 0.0135715, 0.378502, -0.457805, 0.804457, -0.0135113, -0.753243, 0.352751, 0.555151, 0.0177248, 0, 0, 0, 1),
            Qt.matrix4x4(-0.16624, -0.763621, -0.623896, 0.00505251, 0.742005, -0.51358, 0.430888, -0.0202587, -0.649456, -0.391303, 0.651989, 0.0170223, 0, 0, 0, 1),
            Qt.matrix4x4(-0.621385, -0.78349, -0.00492579, 0.0170827, 0.782953, -0.621171, 0.033639, -0.0249008, -0.0294156, 0.0170461, 0.999422, -0.0016825, 0, 0, 0, 1),
            Qt.matrix4x4(-0.862661, -0.501339, 0.0668877, 0.0254138, 0.503601, -0.863666, 0.0216377, -0.0187341, 0.0469208, 0.0523507, 0.997526, -0.00397135, 0, 0, 0, 1),
            Qt.matrix4x4(-0.0662386, -0.710907, 0.70016, 0.0013168, 0.735425, -0.509025, -0.447263, -0.0193943, 0.674361, 0.485289, 0.556535, -0.0186501, 0, 0, 0, 1),
            Qt.matrix4x4(-0.621385, -0.78349, -0.00492556, 0.0170644, 0.782953, -0.621171, 0.0336388, -0.0247755, -0.0294153, 0.0170462, 0.999422, 0.00204178, 0, 0, 0, 1),
            Qt.matrix4x4(-0.862662, -0.501339, 0.0668877, 0.025663, 0.503601, -0.863666, 0.0216375, -0.0186534, 0.0469209, 0.0523505, 0.997526, -0.000254126, 0, 0, 0, 1),
            Qt.matrix4x4(-0.00985827, 1.22041e-06, 0.999951, -0.00075461, -0.999952, 2.57549e-07, -0.00985827, -0.00633387, -2.69567e-07, -1, 1.21781e-06, -4.15122e-05, 0, 0, 0, 1),
            Qt.matrix4x4(-0.059884, 0.962392, -0.264982, -0.000220229, -0.997802, -0.0652628, -0.0115334, -0.00734139, -0.0283931, 0.263709, 0.964184, -0.00085573, 0, 0, 0, 1),
            Qt.matrix4x4(0.0357705, 0.983522, -0.177215, 0.000987851, -0.999184, 0.0385266, 0.0121344, -0.0130832, 0.0187619, 0.176636, 0.984097, -0.00028645, 0, 0, 0, 1),
            Qt.matrix4x4(-0.584385, 0.811323, -0.0157912, -0.0157938, -0.811424, -0.584458, 2.18675e-07, -0.0217509, -0.00922911, 0.0128135, 0.999875, -0.00103266, 0, 0, 0, 1),
            Qt.matrix4x4(-0.621161, 0.783665, -0.0052437, -0.0169585, -0.783676, -0.62117, 1.8532e-07, -0.0247086, -0.00325708, 0.00410947, 0.999986, -0.000872062, 0, 0, 0, 1),
            Qt.matrix4x4(-0.861743, 0.502939, 0.0667231, -0.0254724, -0.504062, -0.863667, 1.51463e-07, -0.0186103, 0.0576266, -0.0336324, 0.997772, 0.000918522, 0, 0, 0, 1),
            Qt.matrix4x4(0.992548, 0.121687, 0.00649202, 0.0256755, 0.0473774, -0.434424, 0.899462, -0.00151175, 0.112273, -0.892451, -0.436951, 0.00337534, 0, 0, 0, 1),
            Qt.matrix4x4(-0.537924, -0.59848, -0.593683, -0.0123407, -0.378502, -0.457805, 0.804457, -0.0134966, -0.753242, 0.657447, 0.0197379, -0.0185596, 0, 0, 0, 1),
            Qt.matrix4x4(-0.16624, -0.481705, -0.860421, -0.00374089, -0.742005, -0.51358, 0.430888, -0.0202299, -0.649456, 0.710068, -0.27205, -0.0173311, 0, 0, 0, 1),
            Qt.matrix4x4(-0.621385, 0.778376, -0.0895067, -0.0168232, -0.782953, -0.621171, 0.0336387, -0.0248704, -0.0294154, 0.0909821, 0.995418, -0.00328757, 0, 0, 0, 1),
            Qt.matrix4x4(-0.862662, 0.50406, 0.0416992, -0.0256611, -0.5036, -0.863665, 0.0216376, -0.0187145, 0.0469208, -0.00233383, 0.998896, -0.00119335, 0, 0, 0, 1),
            Qt.matrix4x4(-0.0662384, -0.602897, 0.795065, -0.00233457, -0.735425, -0.509025, -0.447263, -0.0193658, 0.674361, -0.614336, -0.409668, 0.0185237, 0, 0, 0, 1),
            Qt.matrix4x4(-0.621385, 0.778376, -0.0895066, -0.0171568, -0.782953, -0.621171, 0.0336389, -0.0247451, -0.0294152, 0.0909822, 0.995418, 0.000421814, 0, 0, 0, 1),
            Qt.matrix4x4(-0.862661, 0.50406, 0.0416993, -0.0255057, -0.503601, -0.863665, 0.0216378, -0.0186339, 0.0469209, -0.00233369, 0.998896, 0.00252898, 0, 0, 0, 1),
            Qt.matrix4x4(1, 5.18403e-07, -6.37748e-08, -0.00633012, 2.88215e-08, -0.176683, -0.984268, -0.0081175, -5.21512e-07, 0.984262, -0.176682, -0.00195391, 0, 0, 0, 1),
            Qt.matrix4x4(1, 2.50189e-07, 4.47877e-08, -0.00633012, -3.4981e-09, 0.189745, -0.981833, -0.0139762, -2.54141e-07, 0.981828, 0.189744, 0.00330249, 0, 0, 0, 1),
            Qt.matrix4x4(1, -4.35164e-07, 1.07397e-07, 0.00640591, 2.88216e-08, -0.176683, -0.984268, -0.0081175, 4.47291e-07, 0.984262, -0.176682, -0.00195391, 0, 0, 0, 1),
            Qt.matrix4x4(1, 1.87384e-07, 9.04121e-08, 0.00640591, 5.32144e-08, 0.189745, -0.981833, -0.0139762, -2.01134e-07, 0.981828, 0.189744, 0.00330249, 0, 0, 0, 1),
            Qt.matrix4x4(1, 7.15256e-07, -4.37968e-23, -0.00627883, 0, 6.12323e-17, 1, 0.013181, 7.15256e-07, -1, 6.12323e-17, -0.0153543, 0, 0, 0, 1),
            Qt.matrix4x4(-1, -3.46717e-07, 1.63588e-06, -0.00637357, 2.93497e-07, -0.999474, -0.0324215, 0.000409304, 1.64626e-06, -0.0324215, 0.999474, 0.0234817, 0, 0, 0, 1),
            Qt.matrix4x4(1, 7.15256e-07, -4.37968e-23, 0.00645719, 0, 6.12323e-17, 1, 0.013181, 7.15256e-07, -1, 6.12323e-17, -0.0153543, 0, 0, 0, 1)
        ]
    }
    Skin {
        id: skin99
        joints: [
            bone,
            foot_L,
            body,
            hips,
            abdomen,
            torso,
            neck,
            head,
            shoulder_L,
            upperArm_L,
            lowerArm_L,
            palm2_L,
            middle1_L,
            middle2_L,
            thumb_L,
            thumb2_L,
            palm1_L,
            index_L,
            index2_L,
            palm3_L,
            ring1_L,
            ring2_L,
            shoulder_R,
            upperArm_R,
            lowerArm_R,
            palm2_R,
            middle1_R,
            middle2_R,
            thumb_R,
            thumb2_R,
            palm1_R,
            index_R,
            index2_R,
            palm3_R,
            ring1_R,
            ring2_R,
            upperLeg_L,
            lowerLeg_L,
            upperLeg_R,
            lowerLeg_R,
            poleTarget_L,
            foot_R,
            poleTarget_R
        ]
        inverseBindPoses: [
            Qt.matrix4x4(1, 4.76837e-07, -2.91979e-23, 4.79743e-06, 0, 6.12323e-17, 1, 0.0237618, 4.76837e-07, -1, 6.12323e-17, 0.00174054, 0, 0, 0, 1),
            Qt.matrix4x4(-1, -3.00337e-07, 2.0612e-07, 0.00636243, 2.93497e-07, -0.999474, -0.0324217, 0.000409294, 2.15749e-07, -0.0324217, 0.999474, 0.0234816, 0, 0, 0, 1),
            Qt.matrix4x4(1, 7.15256e-07, -4.37968e-23, -4.76612e-05, 0, 6.12323e-17, 1, 0.00929727, 7.15256e-07, -1, 6.12323e-17, -0.00133666, 0, 0, 0, 1),
            Qt.matrix4x4(1, 1.74749e-07, -4.2777e-08, -2.71568e-05, 2.87124e-10, 0.236221, 0.971699, 0.0100222, 1.79908e-07, -0.971699, 0.236221, 0.00222034, 0, 0, 0, 1),
            Qt.matrix4x4(1, 1.05594e-06, -8.05943e-09, -2.7157e-05, -4.16064e-14, 0.00763225, 0.999971, 0.00706362, 1.05598e-06, -0.999971, 0.00763225, 0.000620663, 0, 0, 0, 1),
            Qt.matrix4x4(1, -6.05078e-07, -6.62059e-08, -2.71562e-05, 6.36727e-14, -0.108768, 0.994067, 0.00227493, -6.08689e-07, -0.994067, -0.108768, 0.000358406, 0, 0, 0, 1),
            Qt.matrix4x4(1, 7.47145e-07, 1.72069e-08, -2.71564e-05, -9.07274e-15, -0.023024, 0.999735, -0.00358356, 7.47344e-07, -0.999735, -0.023024, 5.09389e-05, 0, 0, 0, 1),
            Qt.matrix4x4(0.999996, -0.000109055, 0.00280538, -4.5912e-05, -0.00280694, -0.0187636, 0.99982, -0.00668227, -5.63961e-05, -0.999824, -0.0187638, 2.24662e-05, 0, 0, 0, 1),
            Qt.matrix4x4(-0.0262236, 2.15418e-06, -0.999656, 0.000845156, 0.999656, 2.96417e-07, -0.0262236, -0.00583438, 2.39825e-07, -1, -2.16122e-06, -4.15096e-05, 0, 0, 0, 1),
            Qt.matrix4x4(-0.0564262, -0.996087, 0.0680234, 0.00029084, 0.998334, -0.0571157, -0.00823251, -0.00668031, 0.0120855, 0.0674455, 0.99765, -0.000746362, 0, 0, 0, 1),
            Qt.matrix4x4(0.0388434, -0.999245, 0.000847395, -0.000932063, 0.99917, 0.0388508, 0.0122363, -0.0132369, -0.01226, 0.000371392, 0.999925, -0.00045299, 0, 0, 0, 1),
            Qt.matrix4x4(-0.584385, -0.811323, -0.0157913, 0.0158412, 0.811424, -0.584458, 6.2654e-08, -0.0217824, -0.00922943, -0.0128134, 0.999875, -0.000533039, 0, 0, 0, 1),
            Qt.matrix4x4(-0.621161, -0.783665, -0.00524386, 0.0169909, 0.783676, -0.62117, 4.49955e-08, -0.0247391, -0.00325736, -0.00410946, 0.999986, -0.000694042, 0, 0, 0, 1),
            Qt.matrix4x4(-0.861743, -0.502939, 0.0667229, 0.0254014, 0.504062, -0.863667, 1.74729e-08, -0.0186299, 0.0576264, 0.0336325, 0.997772, -0.00248352, 0, 0, 0, 1),
            Qt.matrix4x4(0.992547, 0.0807383, 0.0912761, -0.0258193, -0.0473778, -0.434424, 0.899462, -0.0015099, 0.112273, -0.897083, -0.427361, -0.00244955, 0, 0, 0, 1),
            Qt.matrix4x4(-0.537924, -0.816077, -0.211321, 0.0135715, 0.378502, -0.457805, 0.804457, -0.0135113, -0.753243, 0.352751, 0.555151, 0.0177248, 0, 0, 0, 1),
            Qt.matrix4x4(-0.16624, -0.763621, -0.623896, 0.00505251, 0.742005, -0.51358, 0.430888, -0.0202587, -0.649456, -0.391303, 0.651989, 0.0170223, 0, 0, 0, 1),
            Qt.matrix4x4(-0.621385, -0.78349, -0.00492579, 0.0170827, 0.782953, -0.621171, 0.033639, -0.0249008, -0.0294156, 0.0170461, 0.999422, -0.0016825, 0, 0, 0, 1),
            Qt.matrix4x4(-0.862661, -0.501339, 0.0668877, 0.0254138, 0.503601, -0.863666, 0.0216377, -0.0187341, 0.0469208, 0.0523507, 0.997526, -0.00397135, 0, 0, 0, 1),
            Qt.matrix4x4(-0.0662386, -0.710907, 0.70016, 0.0013168, 0.735425, -0.509025, -0.447263, -0.0193943, 0.674361, 0.485289, 0.556535, -0.0186501, 0, 0, 0, 1),
            Qt.matrix4x4(-0.621385, -0.78349, -0.00492556, 0.0170644, 0.782953, -0.621171, 0.0336388, -0.0247755, -0.0294153, 0.0170462, 0.999422, 0.00204178, 0, 0, 0, 1),
            Qt.matrix4x4(-0.862662, -0.501339, 0.0668877, 0.025663, 0.503601, -0.863666, 0.0216375, -0.0186534, 0.0469209, 0.0523505, 0.997526, -0.000254126, 0, 0, 0, 1),
            Qt.matrix4x4(-0.00985827, 1.22041e-06, 0.999951, -0.00075461, -0.999952, 2.57549e-07, -0.00985827, -0.00633387, -2.69567e-07, -1, 1.21781e-06, -4.15122e-05, 0, 0, 0, 1),
            Qt.matrix4x4(-0.059884, 0.962392, -0.264982, -0.000220229, -0.997802, -0.0652628, -0.0115334, -0.00734139, -0.0283931, 0.263709, 0.964184, -0.00085573, 0, 0, 0, 1),
            Qt.matrix4x4(0.0357705, 0.983522, -0.177215, 0.000987851, -0.999184, 0.0385266, 0.0121344, -0.0130832, 0.0187619, 0.176636, 0.984097, -0.00028645, 0, 0, 0, 1),
            Qt.matrix4x4(-0.584385, 0.811323, -0.0157912, -0.0157938, -0.811424, -0.584458, 2.18675e-07, -0.0217509, -0.00922911, 0.0128135, 0.999875, -0.00103266, 0, 0, 0, 1),
            Qt.matrix4x4(-0.621161, 0.783665, -0.0052437, -0.0169585, -0.783676, -0.62117, 1.8532e-07, -0.0247086, -0.00325708, 0.00410947, 0.999986, -0.000872062, 0, 0, 0, 1),
            Qt.matrix4x4(-0.861743, 0.502939, 0.0667231, -0.0254724, -0.504062, -0.863667, 1.51463e-07, -0.0186103, 0.0576266, -0.0336324, 0.997772, 0.000918522, 0, 0, 0, 1),
            Qt.matrix4x4(0.992548, 0.121687, 0.00649202, 0.0256755, 0.0473774, -0.434424, 0.899462, -0.00151175, 0.112273, -0.892451, -0.436951, 0.00337534, 0, 0, 0, 1),
            Qt.matrix4x4(-0.537924, -0.59848, -0.593683, -0.0123407, -0.378502, -0.457805, 0.804457, -0.0134966, -0.753242, 0.657447, 0.0197379, -0.0185596, 0, 0, 0, 1),
            Qt.matrix4x4(-0.16624, -0.481705, -0.860421, -0.00374089, -0.742005, -0.51358, 0.430888, -0.0202299, -0.649456, 0.710068, -0.27205, -0.0173311, 0, 0, 0, 1),
            Qt.matrix4x4(-0.621385, 0.778376, -0.0895067, -0.0168232, -0.782953, -0.621171, 0.0336387, -0.0248704, -0.0294154, 0.0909821, 0.995418, -0.00328757, 0, 0, 0, 1),
            Qt.matrix4x4(-0.862662, 0.50406, 0.0416992, -0.0256611, -0.5036, -0.863665, 0.0216376, -0.0187145, 0.0469208, -0.00233383, 0.998896, -0.00119335, 0, 0, 0, 1),
            Qt.matrix4x4(-0.0662384, -0.602897, 0.795065, -0.00233457, -0.735425, -0.509025, -0.447263, -0.0193658, 0.674361, -0.614336, -0.409668, 0.0185237, 0, 0, 0, 1),
            Qt.matrix4x4(-0.621385, 0.778376, -0.0895066, -0.0171568, -0.782953, -0.621171, 0.0336389, -0.0247451, -0.0294152, 0.0909822, 0.995418, 0.000421814, 0, 0, 0, 1),
            Qt.matrix4x4(-0.862661, 0.50406, 0.0416993, -0.0255057, -0.503601, -0.863665, 0.0216378, -0.0186339, 0.0469209, -0.00233369, 0.998896, 0.00252898, 0, 0, 0, 1),
            Qt.matrix4x4(1, 5.18403e-07, -6.37748e-08, -0.00633012, 2.88215e-08, -0.176683, -0.984268, -0.0081175, -5.21512e-07, 0.984262, -0.176682, -0.00195391, 0, 0, 0, 1),
            Qt.matrix4x4(1, 2.50189e-07, 4.47877e-08, -0.00633012, -3.4981e-09, 0.189745, -0.981833, -0.0139762, -2.54141e-07, 0.981828, 0.189744, 0.00330249, 0, 0, 0, 1),
            Qt.matrix4x4(1, -4.35164e-07, 1.07397e-07, 0.00640591, 2.88216e-08, -0.176683, -0.984268, -0.0081175, 4.47291e-07, 0.984262, -0.176682, -0.00195391, 0, 0, 0, 1),
            Qt.matrix4x4(1, 1.87384e-07, 9.04121e-08, 0.00640591, 5.32144e-08, 0.189745, -0.981833, -0.0139762, -2.01134e-07, 0.981828, 0.189744, 0.00330249, 0, 0, 0, 1),
            Qt.matrix4x4(1, 7.15256e-07, -4.37968e-23, -0.00627883, 0, 6.12323e-17, 1, 0.013181, 7.15256e-07, -1, 6.12323e-17, -0.0153543, 0, 0, 0, 1),
            Qt.matrix4x4(-1, -3.46717e-07, 1.63588e-06, -0.00637357, 2.93497e-07, -0.999474, -0.0324215, 0.000409304, 1.64626e-06, -0.0324215, 0.999474, 0.0234817, 0, 0, 0, 1),
            Qt.matrix4x4(1, 7.15256e-07, -4.37968e-23, 0.00645719, 0, 6.12323e-17, 1, 0.013181, 7.15256e-07, -1, 6.12323e-17, -0.0153543, 0, 0, 0, 1)
        ]
    }
    MorphTarget {
        id: surprised_morphtarget
        objectName: "Surprised"
        attributes: MorphTarget.Position
    }
    MorphTarget {
        id: angry_morphtarget
        objectName: "Angry"
        attributes: MorphTarget.Position
    }
    MorphTarget {
        id: sad_morphtarget26
        objectName: "Sad"
        attributes: MorphTarget.Position
    }
    MorphTarget {
        id: surprised_morphtarget25
        objectName: "Surprised"
        attributes: MorphTarget.Position
    }
    MorphTarget {
        id: angry_morphtarget24
        objectName: "Angry"
        attributes: MorphTarget.Position
    }
    MorphTarget {
        id: sad_morphtarget23
        objectName: "Sad"
        attributes: MorphTarget.Position
    }
    MorphTarget {
        id: surprised_morphtarget22
        objectName: "Surprised"
        attributes: MorphTarget.Position
    }
    MorphTarget {
        id: angry_morphtarget21
        objectName: "Angry"
        attributes: MorphTarget.Position
    }
    PrincipledMaterial {
        id: black_material
        objectName: "Black"
        baseColor: "#ff3d3d3d"
        metalness: 0.10000000149011612
        roughness: 0.8999999761581421
        alphaMode: PrincipledMaterial.Opaque
    }
    PrincipledMaterial {
        id: main_material
        objectName: "Main"
        baseColor: "#ffca9337"
        metalness: 0.10000000149011612
        roughness: 0.8999999761581421
        alphaMode: PrincipledMaterial.Opaque
    }
    PrincipledMaterial {
        id: grey_material
        objectName: "Grey"
        baseColor: "#ffa4a49c"
        metalness: 0.10000000149011612
        roughness: 0.8999999761581421
        alphaMode: PrincipledMaterial.Opaque
    }

    // Nodes:
    Node {
        id: rootNode
        objectName: "RootNode"
        Node {
            id: robotArmature
            objectName: "RobotArmature"
            rotation: Qt.quaternion(0.707107, -0.707107, 0, 0)
            scale: Qt.vector3d(100, 100, 100)
            Node {
                id: bone
                objectName: "Bone"
                position: Qt.vector3d(-3.19546e-05, 0.00195048, -5.88517e-05)
                rotation: Qt.quaternion(0.707107, 0.707107, 1.68587e-07, 1.68587e-07)
                scale: Qt.vector3d(1, 1, 1)
                Node {
                    id: foot_L
                    objectName: "Foot.L"
                    position: Qt.vector3d(0.00636722, 0.000305792, 0.000570147)
                    rotation: Qt.quaternion(1.15626e-07, -1.08931e-08, 0.69555, 0.718478)
                    scale: Qt.vector3d(1, 1, 1)
                    Model {
                        id: foot_L5
                        objectName: "Foot.L"
                        position: Qt.vector3d(9.46879e-05, 0.00316883, 0.00383445)
                        rotation: Qt.quaternion(1.96431e-07, 1.04704e-07, -0.016213, 0.999869)
                        scale: Qt.vector3d(1, 1, 1)
                        source: "meshes/foot_L_mesh.mesh"
                        materials: [
                            grey_material
                        ]
                    }
                    Node {
                        id: foot_L_end
                        objectName: "Foot.L_end"
                        position: Qt.vector3d(1.11022e-18, 0.00325549, -3.46945e-20)
                        rotation: Qt.quaternion(1, -3.46945e-18, -1.24077e-23, -4.30479e-41)
                    }
                }
                Node {
                    id: body
                    objectName: "Body"
                    position: Qt.vector3d(5.2459e-05, 0.0137838, 0.0030772)
                    rotation: Qt.quaternion(1, 5.28461e-37, 1.19209e-07, -4.43305e-30)
                    Model {
                        id: torso
                        objectName: "Torso"
                        position: Qt.vector3d(-4.76612e-05, 0.00801258, -0.00132253)
                        rotation: Qt.quaternion(0.707107, -0.707107, -2.52881e-07, -2.52881e-07)
                        scale: Qt.vector3d(1, 1, 1)
                        source: "meshes/torso_mesh.mesh"
                        materials: [
                            grey_material,
                            main_material
                        ]
                    }
                    Node {
                        id: hips
                        objectName: "Hips"
                        position: Qt.vector3d(-2.0505e-05, -0.000965745, -0.00112672)
                        rotation: Qt.quaternion(0.9929, -0.118955, -2.6579e-07, -5.33847e-08)
                        scale: Qt.vector3d(1, 1, 1)
                        Node {
                            id: abdomen
                            objectName: "Abdomen"
                            position: Qt.vector3d(-2.16493e-17, 0.00328792, -7.45058e-11)
                            rotation: Qt.quaternion(0.993346, 0.115165, 4.35136e-07, 7.13079e-08)
                            scale: Qt.vector3d(1, 1, 1)
                            Node {
                                id: torso15
                                objectName: "Torso"
                                position: Qt.vector3d(-5.05151e-17, 0.00484584, -3.72529e-11)
                                rotation: Qt.quaternion(0.998301, 0.0582749, -8.30918e-07, 1.30328e-08)
                                scale: Qt.vector3d(1, 1, 1)
                                Node {
                                    id: neck
                                    objectName: "Neck"
                                    position: Qt.vector3d(2.8394e-16, 0.00584088, 2.79397e-10)
                                    rotation: Qt.quaternion(0.998557, -0.0433809, -0.0141813, 0.0282903)
                                    scale: Qt.vector3d(1, 1, 1)
                                    Node {
                                        id: head
                                        objectName: "Head"
                                        position: Qt.vector3d(1.22527e-10, 0.00309866, 5.00586e-11)
                                        rotation: Qt.quaternion(0.996, -0.0350495, -0.0821698, -0.00189324)
                                        scale: Qt.vector3d(1, 1, 1)
                                        Model {
                                            id: head18
                                            objectName: "Head"
                                            position: Qt.vector3d(-8.95798e-06, 0.00647621, 0.000363968)
                                            rotation: Qt.quaternion(0.700441, -0.713709, 0.00102141, -0.000962937)
                                            scale: Qt.vector3d(1, 1, 1)
                                            source: "meshes/head_mesh.mesh"
                                            materials: [
                                                grey_material,
                                                main_material,
                                                black_material
                                            ]
                                            morphTargets: [
                                                angry_morphtarget21,
                                                surprised_morphtarget22,
                                                sad_morphtarget23,
                                                angry_morphtarget24,
                                                surprised_morphtarget25,
                                                sad_morphtarget26,
                                                angry_morphtarget,
                                                surprised_morphtarget,
                                                sad_morphtarget
                                            ]
                                        }
                                        Node {
                                            id: head_end
                                            objectName: "Head_end"
                                            position: Qt.vector3d(2.77556e-19, 0.0110828, -2.77556e-19)
                                            rotation: Qt.quaternion(1, -6.93889e-18, -1.38778e-17, -7.80626e-18)
                                        }
                                    }
                                }
                                Node {
                                    id: shoulder_L
                                    objectName: "Shoulder.L"
                                    position: Qt.vector3d(0.00582738, 0.0029672, 0.000324413)
                                    rotation: Qt.quaternion(-0.209923, 0.0114497, 0.0532471, 0.9762)
                                    scale: Qt.vector3d(1, 1, 1)
                                    Model {
                                        id: shoulder_L32
                                        objectName: "Shoulder.L"
                                        position: Qt.vector3d(-3.80993e-06, -9.83365e-06, -4.15096e-05)
                                        rotation: Qt.quaternion(-0.493473, 0.493474, 0.506443, -0.506442)
                                        scale: Qt.vector3d(1, 1, 1)
                                        source: "meshes/shoulder_L_mesh.mesh"
                                        materials: [
                                            main_material
                                        ]
                                    }
                                    Node {
                                        id: upperArm_L
                                        objectName: "UpperArm.L"
                                        position: Qt.vector3d(-8.40556e-10, 0.000840358, 2.2934e-11)
                                        rotation: Qt.quaternion(0.718531, -0.0545858, -0.689887, 0.0692138)
                                        scale: Qt.vector3d(1, 1, 1)
                                        Model {
                                            id: arm_L
                                            objectName: "Arm.L"
                                            position: Qt.vector3d(0.000351455, -0.0066781, -0.000759341)
                                            rotation: Qt.quaternion(0.684637, 0.0278563, 0.0200834, 0.728075)
                                            scale: Qt.vector3d(1, 1, 1)
                                            source: "meshes/arm_L_mesh.mesh"
                                            materials: [
                                                main_material
                                            ]
                                        }
                                        Node {
                                            id: lowerArm_L
                                            objectName: "LowerArm.L"
                                            position: Qt.vector3d(3.72529e-11, 0.00657292, 2.9197e-09)
                                            rotation: Qt.quaternion(0.72207, 0.309992, 0.499337, -0.36494)
                                            scale: Qt.vector3d(1, 1, 1)
                                            Node {
                                                id: palm2_L
                                                objectName: "Palm2.L"
                                                position: Qt.vector3d(2.98023e-10, 0.013682, 0)
                                                rotation: Qt.quaternion(0.945509, -0.00335278, 0.005875, -0.325526)
                                                scale: Qt.vector3d(1, 1, 1)
                                                Node {
                                                    id: middle1_L
                                                    objectName: "Middle1.L"
                                                    position: Qt.vector3d(-2.98023e-10, 0.00371198, -2.23517e-10)
                                                    rotation: Qt.quaternion(0.833444, -0.00442114, 0.023824, -0.552072)
                                                    scale: Qt.vector3d(1, 0.999999, 1)
                                                    Node {
                                                        id: middle2_L
                                                        objectName: "Middle2.L"
                                                        position: Qt.vector3d(1.49012e-10, 0.00189367, -9.68575e-10)
                                                        rotation: Qt.quaternion(0.713462, -0.0381108, 0.000934106, -0.699656)
                                                        scale: Qt.vector3d(1, 1, 1)
                                                        Node {
                                                            id: middle2_L_end
                                                            objectName: "Middle2.L_end"
                                                            position: Qt.vector3d(0, 0.00131475, 0)
                                                            rotation: Qt.quaternion(1, -3.15973e-35, -2.60209e-18, -1.21431e-17)
                                                        }
                                                    }
                                                }
                                            }
                                            Node {
                                                id: thumb_L
                                                objectName: "Thumb.L"
                                                position: Qt.vector3d(0.000841742, 0.0125747, 0.00189778)
                                                rotation: Qt.quaternion(0.13808, 0.729874, 0.635342, 0.211089)
                                                scale: Qt.vector3d(1, 1, 1)
                                                Node {
                                                    id: thumb2_L
                                                    objectName: "Thumb2.L"
                                                    position: Qt.vector3d(-5.96046e-10, 0.00136673, 8.9407e-10)
                                                    rotation: Qt.quaternion(-0.382928, -0.248974, 0.627184, 0.630886)
                                                    scale: Qt.vector3d(1, 1, 1)
                                                    Node {
                                                        id: thumb2_L_end
                                                        objectName: "Thumb2.L_end"
                                                        position: Qt.vector3d(1.11022e-18, 0.00126784, 0)
                                                        rotation: Qt.quaternion(1, -1.38778e-17, 2.77556e-17, -2.77556e-17)
                                                    }
                                                }
                                            }
                                            Node {
                                                id: palm1_L
                                                objectName: "Palm1.L"
                                                position: Qt.vector3d(2.98023e-10, 0.013682, 0)
                                                rotation: Qt.quaternion(0.886358, 0.303971, 0.278789, -0.21035)
                                                scale: Qt.vector3d(1, 1, 1)
                                                Node {
                                                    id: index_L
                                                    objectName: "Index.L"
                                                    position: Qt.vector3d(-2.98023e-10, 0.00422426, -1.49012e-10)
                                                    rotation: Qt.quaternion(0.702794, 0.0467354, -0.396111, -0.589061)
                                                    scale: Qt.vector3d(1, 1, 1)
                                                    Node {
                                                        id: index2_L
                                                        objectName: "Index2.L"
                                                        position: Qt.vector3d(-2.98023e-10, 0.00189367, -6.70552e-10)
                                                        rotation: Qt.quaternion(0.712672, -0.0425872, -0.0183796, -0.699962)
                                                        scale: Qt.vector3d(1, 1, 1)
                                                        Node {
                                                            id: index2_L_end
                                                            objectName: "Index2.L_end"
                                                            position: Qt.vector3d(0, 0.00131475, 0)
                                                            rotation: Qt.quaternion(1, 2.40741e-35, -6.93889e-18, 3.46945e-18)
                                                        }
                                                    }
                                                }
                                            }
                                            Node {
                                                id: palm3_L
                                                objectName: "Palm3.L"
                                                position: Qt.vector3d(2.98023e-10, 0.013682, 0)
                                                rotation: Qt.quaternion(0.861156, -0.335566, -0.336441, -0.18059)
                                                scale: Qt.vector3d(1, 1, 1)
                                                Node {
                                                    id: ring1_L
                                                    objectName: "Ring1.L"
                                                    position: Qt.vector3d(5.96046e-10, 0.00426207, 7.45058e-11)
                                                    rotation: Qt.quaternion(0.648717, -0.0680167, 0.483185, -0.584014)
                                                    scale: Qt.vector3d(1, 1, 1)
                                                    Node {
                                                        id: ring2_L
                                                        objectName: "Ring2.L"
                                                        position: Qt.vector3d(5.21541e-10, 0.00189367, 2.98023e-10)
                                                        rotation: Qt.quaternion(0.712672, -0.0425873, -0.0183794, -0.699962)
                                                        scale: Qt.vector3d(1, 1, 1)
                                                        Node {
                                                            id: ring2_L_end
                                                            objectName: "Ring2.L_end"
                                                            position: Qt.vector3d(2.22045e-18, 0.00131475, -1.11022e-18)
                                                            rotation: Qt.quaternion(1, -8.32667e-17, 5.20417e-18, -1.04083e-17)
                                                        }
                                                    }
                                                }
                                            }
                                        }
                                    }
                                }
                                Node {
                                    id: shoulder_R
                                    objectName: "Shoulder.R"
                                    position: Qt.vector3d(-0.00636816, 0.00296747, 0.000324391)
                                    rotation: Qt.quaternion(0.225291, -0.012289, 0.0530604, 0.972768)
                                    scale: Qt.vector3d(1, 1, 1)
                                    Model {
                                        id: shoulder_R54
                                        objectName: "Shoulder.R"
                                        position: Qt.vector3d(3.51787e-06, -3.31268e-06, -4.15096e-05)
                                        rotation: Qt.quaternion(-0.49753, 0.497529, -0.502458, 0.502459)
                                        scale: Qt.vector3d(1, 1, 1)
                                        source: "meshes/shoulder_R_mesh.mesh"
                                        materials: [
                                            main_material
                                        ]
                                    }
                                    Node {
                                        id: upperArm_R
                                        objectName: "UpperArm.R"
                                        position: Qt.vector3d(2.15339e-10, 0.00102178, 1.18484e-11)
                                        rotation: Qt.quaternion(0.589462, 0.0435723, 0.80457, 0.0574779)
                                        scale: Qt.vector3d(1, 1, 1)
                                        Model {
                                            id: arm_R
                                            objectName: "Arm.R"
                                            position: Qt.vector3d(-7.94089e-05, 0.00334939, -4.72581e-05)
                                            rotation: Qt.quaternion(0.678056, 0.101482, -0.0872305, -0.722726)
                                            scale: Qt.vector3d(0.227041, 0.227041, 0.227041)
                                            source: "meshes/arm_R_mesh.mesh"
                                            materials: [
                                                main_material
                                            ]
                                        }
                                        Node {
                                            id: lowerArm_R
                                            objectName: "LowerArm.R"
                                            position: Qt.vector3d(1.86265e-10, 0.00575238, -1.02445e-09)
                                            rotation: Qt.quaternion(0.6556, 0.0897254, -0.705058, 0.255013)
                                            scale: Qt.vector3d(1, 1, 1)
                                            Node {
                                                id: palm2_R
                                                objectName: "Palm2.R"
                                                position: Qt.vector3d(-5.96046e-10, 0.0137972, -8.9407e-10)
                                                rotation: Qt.quaternion(0.942624, -0.0372122, -0.0747185, 0.323254)
                                                scale: Qt.vector3d(1, 1, 1)
                                                Node {
                                                    id: middle1_R
                                                    objectName: "Middle1.R"
                                                    position: Qt.vector3d(5.96046e-10, 0.00371198, -4.47035e-10)
